4.951 -6.99 4.093009 3.997006 279.8028 
2.06 -11.62 4.453043 -23.15788 188.7352 
5.98 -34.38 2.786248 -24.40386 206.0125 
10 -40.8 2.786248 -24.40386 219.6366 
16.46 -46.37 2.704108 -25.14516 231.6916 
23.36 -50.24 2.704108 -25.14516 247.5518 
31.19 -51.92 2.704108 -25.14516 265.28 
39.2 -50.96 2.704108 -25.14516 290.4993 
46.28 -47.17 2.704108 -25.14516 304.3571 
52.47 -41.62 2.786248 -24.40386 318.9928 
56.02 -34.38 2.786248 -24.40386 347.0942 
58.22 -27.06 2.786248 -24.40386 339.3919 
61.96 -20.07 2.786248 -24.40386 323.5853 
67.52 -14.51 2.704108 -25.14516 307.6621 
74.63 -10.79 2.704108 -25.14516 288.036 
82.55 -9.04 2.704108 -25.14516 275.0758 
90.37 -9.76 2.704108 -25.14516 255.8761 
97.11 -13.46 2.704108 -25.14516 228.1173 
102.05 -19.26 2.786248 -24.40386 208.579 
104.68 -26.61 2.786248 -24.40386 188.2999 
104.41 -33.96 2.786248 -24.40386 165.3739 
101.87 -41.12 2.786248 -24.40386 155.1644 
97.64 -47.71 2.786248 -24.40386 144.3333 
92.73 -53.85 2.786248 -24.40386 138.2658 
86.34 -58.8 2.704108 -25.14516 119.2776 
79.1 -60.38 2.704108 -25.14516 86.33186 
71.58 -57.99 2.823498 -25.14517 61.32033 
64.78 -53.417 2.782303 -25.43941 50.96126 
58.29 -49 2.553155 -24.9583 63.78366 
10.02 -8.87 4.453043 -23.15788 188.7352 
13.02 -31.94 2.786248 -24.40386 206.0125 
16.83 -37.9 2.786248 -24.40386 216.7304 
20.92 -41.59 2.704108 -25.14516 231.6916 
28.58 -44.69 2.704108 -25.14516 263.0132 
36.59 -43.74 2.704108 -25.14516 290.4993 
42.43 -40.25 2.704108 -25.14516 304.3571 
47.55 -34.4 2.786248 -24.40386 335.0083 
50.23 -27.17 2.786248 -24.40386 347.0942 
52.82 -20.22 2.786248 -24.40386 339.3919 
56.46 -14.35 2.786248 -24.40386 323.5853 
61.82 -9.54 2.704108 -25.14516 307.6621 
68.44 -5.82 2.704108 -25.14516 288.036 
76.08 -3.6 2.704108 -25.14516 275.0758 
83.7 -2.57 2.704108 -25.14516 275.0758 
91.73 -3.29 2.704108 -25.14516 255.8761 
99.17 -6.18 2.704108 -25.14516 240.5355 
104.24 -10.37 2.704108 -25.14516 228.1173 
107.06 -14.76 2.786248 -24.40386 208.579 
109.9 -21.54 2.786248 -24.40386 188.2999 
111.54 -29.23 2.786248 -24.40386 188.2999 
110.96 -36.11 2.786248 -24.40386 165.3739 
108.42 -42.89 2.786248 -24.40386 155.1644 
104.59 -49.3 2.786248 -24.40386 144.3333 
99.58 -55.26 2.786248 -24.40386 138.2658 
94.27 -60.7 2.786248 -24.40386 138.2658 
87.69 -66.06 2.496516 -29.6356 121.3452 
79.55 -67.71 2.704108 -25.14516 78.6189 
71.789 -64.865 2.949353 -26.55478 61.32033 
64.838 -60.207 2.931761 -26.4341 52.83809 
58.58 -56.42 2.087598 -19.15607 65.73325 
50.73 -48.32 2.553155 -24.9583 103.7181 
43.54 -51.78 2.553155 -24.9583 133.236 
11.27 -24.39 2.786248 -24.40386 186.1444 
3.79 -27.01 2.786248 -24.40386 186.1444 
10.99 -16.15 2.786248 -24.40386 180.288 
2.96 -19.13 2.786248 -24.40386 186.7423 
4.72 -4.4 3.115174 -24.40386 285.8916 
39.45 -58.57 2.553155 -24.9583 160.7885 
38.19 -66.44 2.553155 -24.9583 178.6808 
53.11 -55.25 2.087598 -19.15607 92.74137 
48.1 -57.17 2.087598 -19.15607 130.6432 
45.29 -62.32 2.087598 -19.15607 172.8651 
44.96 -68.03 2.087598 -19.15607 178.3844 
38.48 -74.36 2.553155 -24.9583 188.4474 
44.24 -74.84 2.700484 -25.08624 171.7533 
44.63 -82.32 2.553155 -24.9583 194.8461 
38.04 -81.94 2.553155 -24.9583 165.003 
